0 0.026961 0.366093 0.050654 0.108108
0 0.125817 0.605651 0.117647 0.164619
0 0.491013 0.448403 0.093137 0.115479
0 0.825980 0.843980 0.138889 0.203931
0 0.200980 0.366093 0.078431 0.093366
0 0.390523 0.369779 0.062092 0.149877
0 0.857026 0.114251 0.057190 0.105651
0 0.683007 0.533170 0.098039 0.186732
0 0.538399 0.925061 0.145425 0.149877
0 0.624183 0.065111 0.062092 0.095823
0 0.845588 0.458231 0.076797 0.130221
0 0.953431 0.320639 0.073529 0.110565
0 0.949346 0.124079 0.078431 0.115479
0 0.689542 0.287469 0.088235 0.142506
1 0.092320 0.178133 0.063725 0.135135
0 0.017974 0.087224 0.032680 0.100737
0 0.380719 0.180590 0.065359 0.095823
0 0.952614 0.642506 0.094771 0.223587
