0 0.285131 0.525054 0.096405 0.139434
0 0.540850 0.442266 0.049020 0.074074
0 0.825980 0.442266 0.037582 0.061002
0 0.053922 0.588235 0.065359 0.100218
0 0.197712 0.425926 0.029412 0.045752
0 0.441176 0.444444 0.032680 0.056645
0 0.700980 0.392157 0.026144 0.026144
0 0.989379 0.464052 0.017974 0.056645
0 0.121732 0.392157 0.021242 0.034858
0 0.234477 0.361656 0.021242 0.030501
0 0.169118 0.343137 0.017974 0.028322
0 0.402778 0.387800 0.017974 0.030501
0 0.892157 0.399782 0.016340 0.037037
0 0.964869 0.387800 0.014706 0.026144
0 0.750000 0.441176 0.016340 0.032680
0 0.086601 0.422658 0.032680 0.047930
