0 0.127451 0.495098 0.104575 0.181373
0 0.547386 0.591912 0.137255 0.237745
0 0.865196 0.540441 0.109477 0.198529
0 0.207516 0.313725 0.075163 0.078431
0 0.535948 0.051471 0.058824 0.063725
0 0.801471 0.041667 0.034314 0.058824
0 0.907680 0.042892 0.031046 0.061275
0 0.910131 0.268382 0.081699 0.144608
0 0.758170 0.450980 0.075163 0.151961
1 0.066176 0.225490 0.089869 0.161765
1 0.044935 0.542892 0.083333 0.247549
1 0.242647 0.107843 0.066993 0.093137
1 0.138072 0.112745 0.066993 0.122549
0 0.360294 0.651961 0.106209 0.205882
0 0.398693 0.437500 0.084967 0.115196
0 0.691176 0.246324 0.055556 0.066176
