0 0.218954 0.312500 0.068627 0.125000
0 0.425654 0.153186 0.040850 0.095588
0 0.610294 0.093137 0.053922 0.098039
0 0.832516 0.104167 0.040850 0.090686
0 0.897876 0.095588 0.037582 0.058824
0 0.503268 0.153186 0.032680 0.061275
1 0.135621 0.052696 0.042484 0.066176
1 0.075980 0.091912 0.034314 0.066176
1 0.683824 0.650735 0.083333 0.164216
1 0.410948 0.035539 0.031046 0.061275
1 0.220588 0.650735 0.062092 0.159314
0 0.714052 0.145833 0.035948 0.066176
1 0.286765 0.890931 0.070261 0.120098
1 0.678105 0.301471 0.058824 0.112745
1 0.030229 0.267157 0.053922 0.093137
