0 0.501634 0.754902 0.042484 0.098039
1 0.589869 0.738095 0.039216 0.098039
1 0.316993 0.809524 0.045752 0.123249
1 0.382353 0.803922 0.045752 0.123249
1 0.434641 0.599440 0.045752 0.123249
1 0.491830 0.563025 0.045752 0.123249
1 0.562092 0.543417 0.045752 0.123249
1 0.167484 0.913165 0.063725 0.134454
1 0.617647 0.546218 0.045752 0.112045
1 0.717320 0.649860 0.045752 0.112045
1 0.796569 0.627451 0.044118 0.100840
1 0.865196 0.579832 0.044118 0.100840
1 0.907680 0.579832 0.044118 0.100840
1 0.975490 0.539216 0.035948 0.086835
1 0.313725 0.599440 0.045752 0.123249
1 0.202614 0.535014 0.045752 0.123249
1 0.562908 0.401961 0.037582 0.086835
1 0.507353 0.410364 0.037582 0.086835
