1 0.773693 0.522059 0.080065 0.176471
1 0.663399 0.397059 0.068627 0.122549
1 0.168301 0.316176 0.052288 0.068627
1 0.419118 0.343137 0.047386 0.073529
1 0.764706 0.225490 0.019608 0.044118
1 0.611928 0.337010 0.037582 0.095588
1 0.673203 0.840686 0.052288 0.122549
1 0.608660 0.194853 0.021242 0.041667
1 0.875000 0.237745 0.021242 0.034314
0 0.084967 0.849265 0.075163 0.178922
1 0.522059 0.149510 0.021242 0.034314
1 0.973856 0.225490 0.019608 0.044118
1 0.755719 0.160539 0.017974 0.026961
1 0.919118 0.158088 0.017974 0.031863
1 0.816993 0.174020 0.016340 0.039216
1 0.848856 0.343137 0.017974 0.068627
