0 0.345588 0.535539 0.089869 0.203431
0 0.136438 0.291667 0.089869 0.156863
0 0.585784 0.517157 0.106209 0.191176
0 0.816993 0.653186 0.098039 0.183824
0 0.263889 0.154412 0.040850 0.063725
0 0.452614 0.250000 0.062092 0.098039
0 0.794935 0.169118 0.037582 0.068627
0 0.851307 0.221814 0.052288 0.095588
0 0.447712 0.519608 0.068627 0.122549
0 0.757353 0.453431 0.070261 0.161765
0 0.123366 0.111520 0.034314 0.056373
0 0.033497 0.172794 0.044118 0.080882
0 0.049020 0.329657 0.065359 0.075980
1 0.153595 0.693627 0.094771 0.181373
1 0.584967 0.226716 0.042484 0.090686
1 0.477124 0.093137 0.029412 0.073529
1 0.264706 0.337010 0.078431 0.139706
1 0.358660 0.283088 0.063725 0.125000
0 0.494281 0.363971 0.044118 0.100490
0 0.682190 0.311275 0.053922 0.088235
0 0.337418 0.136029 0.031046 0.036765
0 0.776961 0.091912 0.031046 0.066176
