1 0.258170 0.340399 0.075163 0.097257
1 0.538399 0.402743 0.073529 0.117207
1 0.417484 0.180798 0.024510 0.042394
1 0.680556 0.238155 0.034314 0.087282
1 0.908497 0.245636 0.042484 0.097257
1 0.917484 0.644638 0.138889 0.266833
1 0.749183 0.275561 0.031046 0.047382
1 0.438725 0.329177 0.027778 0.054863
1 0.334150 0.246883 0.037582 0.069825
1 0.798203 0.173317 0.014706 0.032419
0 0.792484 0.380299 0.055556 0.127182
0 0.274510 0.182045 0.032680 0.049875
1 0.403595 0.284289 0.026144 0.059850
1 0.478758 0.182045 0.022876 0.039900
1 0.625000 0.169576 0.017974 0.039900
0 0.339052 0.163342 0.027778 0.037406
