1 0.070801 0.226027 0.032227 0.051059
1 0.123047 0.197385 0.031250 0.043587
1 0.243652 0.252802 0.034180 0.067248
1 0.376953 0.240349 0.025391 0.062267
1 0.700684 0.320672 0.032227 0.068493
1 0.874023 0.334371 0.035156 0.068493
1 0.451660 0.202989 0.028320 0.047323
1 0.554688 0.235367 0.019531 0.039851
1 0.653320 0.234745 0.029297 0.058531
1 0.555176 0.168742 0.024414 0.031133
1 0.698730 0.229141 0.020508 0.034869
1 0.527832 0.271482 0.034180 0.054795
1 0.756348 0.235990 0.024414 0.046077
1 0.808594 0.278954 0.031250 0.054795
1 0.972168 0.247821 0.036133 0.069738
1 0.909668 0.219801 0.026367 0.043587
1 0.261719 0.176214 0.015625 0.028643
1 0.297852 0.221046 0.029297 0.056040
