0 0.175647 0.530229 0.053879 0.044118
0 0.385776 0.447712 0.051724 0.045752
0 0.602371 0.510621 0.058190 0.057190
0 0.762931 0.187092 0.047414 0.040850
0 0.798491 0.549020 0.053879 0.055556
0 0.825431 0.745098 0.051724 0.058824
0 0.534483 0.381536 0.047414 0.040850
0 0.145474 0.316993 0.036638 0.045752
0 0.239224 0.310458 0.047414 0.035948
0 0.303879 0.298203 0.038793 0.037582
0 0.487069 0.044118 0.038793 0.035948
0 0.566810 0.058007 0.034483 0.037582
0 0.622845 0.063725 0.038793 0.039216
0 0.314655 0.395425 0.051724 0.045752
0 0.253233 0.405229 0.036638 0.045752
0 0.369612 0.366830 0.049569 0.044118
0 0.954741 0.369281 0.038793 0.045752
0 0.875000 0.191176 0.034483 0.032680
0 0.193966 0.112745 0.034483 0.035948
0 0.052802 0.198529 0.032328 0.031046
0 0.015086 0.100490 0.021552 0.031046
0 0.980603 0.191176 0.034483 0.055556
0 0.866379 0.321078 0.047414 0.037582
0 0.463362 0.357026 0.043103 0.034314
0 0.462284 0.223856 0.032328 0.032680
0 0.413793 0.029412 0.030172 0.032680
0 0.712284 0.467320 0.058190 0.045752
