0 0.021242 0.491228 0.026144 0.040100
0 0.091503 0.488722 0.026144 0.045113
0 0.053922 0.634085 0.026144 0.040100
0 0.098856 0.082707 0.021242 0.040100
0 0.075980 0.235589 0.021242 0.035088
0 0.049837 0.355890 0.024510 0.045113
0 0.188725 0.345865 0.024510 0.040100
0 0.255719 0.349624 0.024510 0.052632
0 0.321895 0.329574 0.026144 0.042607
0 0.389706 0.330827 0.027778 0.040100
0 0.264706 0.635338 0.026144 0.032581
0 0.356209 0.471178 0.029412 0.050125
0 0.290850 0.483709 0.026144 0.050125
0 0.405229 0.632832 0.026144 0.047619
0 0.116013 0.629073 0.029412 0.045113
0 0.125817 0.791980 0.026144 0.045113
0 0.419935 0.072682 0.032680 0.040100
0 0.326797 0.210526 0.019608 0.035088
0 0.643791 0.484962 0.026144 0.042607
0 0.514706 0.469925 0.022876 0.042607
0 0.423203 0.487469 0.029412 0.032581
0 0.137255 0.233083 0.029412 0.040100
0 0.120098 0.353383 0.024510 0.045113
0 0.472222 0.199248 0.026144 0.052632
0 0.518791 0.339599 0.021242 0.037594
0 0.721405 0.482456 0.021242 0.047619
0 0.763889 0.645363 0.031046 0.047619
0 0.161765 0.077694 0.026144 0.030075
0 0.582516 0.324561 0.027778 0.047619
0 0.650327 0.323308 0.032680 0.040100
0 0.575980 0.467419 0.031046 0.057644
0 0.721405 0.324561 0.031046 0.057644
0 0.593954 0.627820 0.031046 0.057644
0 0.602124 0.181704 0.031046 0.057644
0 0.693627 0.179198 0.031046 0.057644
0 0.298203 0.083960 0.031046 0.057644
0 0.540033 0.194236 0.031046 0.057644
0 0.221405 0.086466 0.031046 0.057644
0 0.564542 0.045113 0.034314 0.045113
0 0.496732 0.050125 0.032680 0.040100
0 0.706699 0.040100 0.034314 0.045113
0 0.630719 0.062657 0.029412 0.040100
0 0.798203 0.463659 0.024510 0.040100
0 0.844771 0.631579 0.022876 0.060150
0 0.922386 0.462406 0.021242 0.077694
0 0.768791 0.172932 0.024510 0.040100
0 0.808007 0.319549 0.027778 0.047619
0 0.926471 0.616541 0.029412 0.050125
0 0.877451 0.308271 0.026144 0.050125
0 0.299837 0.790727 0.024510 0.052632
0 0.944444 0.317043 0.026144 0.052632
0 0.917484 0.147870 0.027778 0.045113
0 0.765523 0.050125 0.024510 0.035088
0 0.966503 0.167920 0.017974 0.055138
0 0.074346 0.840852 0.027778 0.047619
0 0.841503 0.032581 0.022876 0.040100
0 0.915033 0.042607 0.022876 0.040100
