1 0.180664 0.635901 0.062500 0.085756
1 0.572266 0.767442 0.060547 0.127907
1 0.789062 0.575581 0.052734 0.093023
1 0.842773 0.523256 0.052734 0.093023
1 0.908691 0.459302 0.030273 0.061047
1 0.207520 0.273256 0.026367 0.052326
1 0.417480 0.305959 0.034180 0.050872
1 0.131348 0.398256 0.040039 0.061047
1 0.020020 0.538517 0.036133 0.097384
1 0.046875 0.494913 0.044922 0.071221
1 0.059570 0.200581 0.019531 0.026163
1 0.618652 0.276163 0.020508 0.043605
1 0.620605 0.429506 0.028320 0.050872
1 0.788574 0.927326 0.049805 0.093023
1 0.951660 0.366279 0.028320 0.058140
1 0.877930 0.247820 0.017578 0.027616
1 0.264648 0.527616 0.041016 0.066860
1 0.164062 0.861192 0.070312 0.111919
1 0.468262 0.942587 0.057617 0.091570
1 0.489258 0.632994 0.039062 0.082849
1 0.554199 0.492006 0.034180 0.059593
1 0.700684 0.443314 0.034180 0.052326
1 0.815430 0.463663 0.029297 0.052326
1 0.151367 0.337936 0.033203 0.056686
1 0.247070 0.179506 0.019531 0.036337
1 0.488281 0.319041 0.023438 0.047965
1 0.373535 0.329215 0.024414 0.039244
1 0.290039 0.285610 0.023438 0.056686
1 0.305176 0.206395 0.016602 0.037791
1 0.162109 0.271076 0.027344 0.045058
1 0.684570 0.234012 0.015625 0.026163
1 0.786621 0.178779 0.014648 0.023256
1 0.740723 0.353924 0.028320 0.042151
1 0.841797 0.390988 0.023438 0.040698
1 0.956543 0.606831 0.041992 0.062500
1 0.869141 0.720930 0.046875 0.081395
1 0.274414 0.431686 0.027344 0.049419
1 0.062988 0.352471 0.034180 0.056686
1 0.508301 0.208576 0.018555 0.027616
1 0.942383 0.250000 0.017578 0.037791
