0 0.177288 0.819853 0.080065 0.090686
0 0.421569 0.609069 0.032680 0.066176
0 0.430556 0.750000 0.050654 0.098039
0 0.228758 0.447304 0.022876 0.041667
0 0.030229 0.670343 0.037582 0.066176
0 0.923203 0.825980 0.081699 0.122549
0 0.557190 0.578431 0.029412 0.044118
0 0.640523 0.607843 0.035948 0.058824
0 0.069444 0.855392 0.053922 0.093137
0 0.321895 0.493873 0.026144 0.046569
0 0.245915 0.545343 0.027778 0.051471
0 0.264706 0.634804 0.035948 0.068627
0 0.042484 0.568627 0.035948 0.053922
0 0.659314 0.420343 0.021242 0.041667
0 0.475490 0.420343 0.026144 0.041667
0 0.323529 0.398284 0.022876 0.041667
0 0.366013 0.379902 0.022876 0.044118
0 0.414216 0.518382 0.027778 0.046569
0 0.544935 0.477941 0.017974 0.034314
0 0.743464 0.620098 0.029412 0.053922
0 0.784314 0.772059 0.055556 0.088235
0 0.836601 0.670343 0.035948 0.071078
0 0.217320 0.393382 0.022876 0.026961
0 0.283497 0.361520 0.014706 0.022059
0 0.516340 0.316176 0.019608 0.034314
0 0.446078 0.350490 0.019608 0.029412
0 0.691993 0.425245 0.021242 0.041667
0 0.495098 0.257353 0.013072 0.024510
0 0.376634 0.312500 0.014706 0.017157
0 0.276144 0.261029 0.016340 0.026961
0 0.638889 0.325980 0.016340 0.029412
0 0.544118 0.264706 0.013072 0.029412
0 0.565359 0.333333 0.016340 0.034314
0 0.553922 0.412990 0.019608 0.041667
0 0.543301 0.312500 0.014706 0.031863
0 0.321078 0.327206 0.014706 0.031863
0 0.499183 0.354167 0.021242 0.036765
0 0.575163 0.386029 0.016340 0.036765
0 0.229575 0.726716 0.027778 0.075980
0 0.393791 0.363971 0.013072 0.036765
0 0.468137 0.316176 0.014706 0.024510
0 0.418301 0.278186 0.009804 0.026961
0 0.463235 0.237745 0.014706 0.019608
0 0.257353 0.299020 0.014706 0.024510
0 0.583333 0.308824 0.016340 0.024510
1 0.172386 0.428922 0.021242 0.034314
1 0.666667 0.529412 0.022876 0.053922
