0 0.290850 0.432598 0.026144 0.031863
0 0.491830 0.544118 0.052288 0.098039
0 0.774510 0.526961 0.045752 0.122549
0 0.864379 0.428922 0.055556 0.117647
0 0.543301 0.463235 0.021242 0.034314
0 0.617647 0.540441 0.049020 0.061275
0 0.362745 0.459559 0.016340 0.022059
0 0.421569 0.492647 0.019608 0.049020
0 0.606209 0.436275 0.019608 0.029412
0 0.702614 0.414216 0.022876 0.039216
0 0.986111 0.481618 0.011438 0.031863
0 0.245098 0.426471 0.016340 0.024510
0 0.054739 0.405637 0.011438 0.017157
0 0.767157 0.427696 0.021242 0.017157
0 0.566176 0.433824 0.008170 0.019608
0 0.664216 0.426471 0.017974 0.024510
