0 0.433007 0.318616 0.016340 0.035800
0 0.448529 0.406921 0.014706 0.040573
0 0.232843 0.837709 0.024510 0.052506
0 0.801471 0.496420 0.017974 0.033413
0 0.213235 0.300716 0.021242 0.038186
0 0.508170 0.176611 0.013072 0.023866
0 0.678922 0.131265 0.011438 0.028640
0 0.757353 0.380668 0.017974 0.031026
0 0.199346 0.884248 0.022876 0.050119
0 0.453431 0.785203 0.021242 0.052506
0 0.619281 0.193317 0.016340 0.023866
0 0.279412 0.158711 0.013072 0.026253
0 0.762255 0.176611 0.011438 0.023866
0 0.675654 0.189737 0.011438 0.026253
0 0.504902 0.483294 0.013072 0.031026
0 0.961601 0.875895 0.027778 0.042959
0 0.467320 0.966587 0.026144 0.042959
