0 0.110294 0.833333 0.125817 0.161765
0 0.318627 0.712010 0.078431 0.120098
0 0.558824 0.613971 0.078431 0.120098
0 0.480392 0.398284 0.058824 0.115196
0 0.607843 0.447304 0.058824 0.115196
0 0.760621 0.698529 0.080065 0.151961
0 0.219771 0.541667 0.080065 0.117647
0 0.067810 0.361520 0.044118 0.100490
1 0.267157 0.053922 0.040850 0.044118
0 0.635621 0.047794 0.042484 0.071078
0 0.698529 0.355392 0.053922 0.107843
0 0.764706 0.346814 0.052288 0.100490
0 0.808824 0.379902 0.039216 0.083333
0 0.335784 0.388480 0.047386 0.090686
0 0.141340 0.448529 0.034314 0.078431
0 0.892157 0.620098 0.039216 0.102941
0 0.935458 0.462010 0.044118 0.095588
0 0.513072 0.056373 0.039216 0.053922
0 0.459150 0.154412 0.029412 0.049020
0 0.947712 0.334559 0.035948 0.071078
