0 0.161765 0.154412 0.045752 0.078431
0 0.371732 0.500000 0.057190 0.102941
0 0.398693 0.323529 0.042484 0.073529
0 0.058824 0.411765 0.058824 0.102941
0 0.919118 0.503676 0.050654 0.120098
0 0.436275 0.229167 0.032680 0.051471
0 0.476307 0.286765 0.034314 0.078431
0 0.527778 0.362745 0.042484 0.093137
0 0.611111 0.351716 0.035948 0.066176
0 0.814542 0.482843 0.037582 0.112745
0 0.495915 0.148284 0.024510 0.046569
0 0.562092 0.123775 0.026144 0.036765
1 0.348856 0.104167 0.021242 0.046569
1 0.451797 0.062500 0.021242 0.036765
0 0.541667 0.057598 0.017974 0.041667
0 0.677288 0.740196 0.063725 0.142157
0 0.620915 0.645833 0.049020 0.115196
