0 0.328431 0.522059 0.081699 0.147059
0 0.507353 0.513480 0.102941 0.159314
0 0.691993 0.615196 0.102941 0.151961
0 0.657680 0.121324 0.034314 0.061275
0 0.143791 0.344363 0.071895 0.120098
0 0.160948 0.234069 0.040850 0.056373
0 0.258170 0.215686 0.032680 0.053922
0 0.647059 0.284314 0.039216 0.058824
0 0.663399 0.230392 0.039216 0.058824
0 0.731209 0.330882 0.037582 0.063725
0 0.438725 0.376225 0.027778 0.075980
0 0.379902 0.231618 0.021242 0.036765
0 0.299837 0.177696 0.024510 0.036765
0 0.473039 0.082108 0.017974 0.031863
0 0.772059 0.251225 0.037582 0.075980
0 0.406863 0.492647 0.055556 0.112745
0 0.419935 0.263480 0.055556 0.080882
1 0.270425 0.389706 0.053922 0.093137
1 0.516340 0.252451 0.055556 0.078431
1 0.604575 0.084559 0.019608 0.026961
1 0.732026 0.074755 0.026144 0.046569
0 0.593137 0.313725 0.058824 0.078431
1 0.517974 0.133578 0.022876 0.041667
1 0.413399 0.151961 0.022876 0.049020
0 0.129085 0.191176 0.029412 0.044118
0 0.603758 0.183824 0.017974 0.053922
1 0.808007 0.654412 0.070261 0.264706
