0 0.781863 0.609700 0.122549 0.272517
0 0.310458 0.278291 0.052288 0.090069
0 0.134804 0.242494 0.053922 0.087760
0 0.520425 0.209007 0.053922 0.090069
0 0.209150 0.652425 0.143791 0.219400
0 0.677288 0.079677 0.034314 0.057737
1 0.257353 0.094688 0.027778 0.055427
1 0.424837 0.176674 0.019608 0.043880
1 0.575163 0.195150 0.032680 0.043880
1 0.707516 0.254042 0.042484 0.064665
1 0.741830 0.033487 0.026144 0.048499
1 0.838235 0.056582 0.019608 0.043880
1 0.804739 0.174365 0.017974 0.057737
1 0.565359 0.133949 0.019608 0.023095
1 0.683824 0.146651 0.027778 0.048499
