0 0.335784 0.397059 0.037582 0.063725
0 0.406046 0.384804 0.037582 0.063725
0 0.393791 0.250000 0.029412 0.053922
0 0.486111 0.438725 0.037582 0.063725
0 0.021242 0.531863 0.039216 0.078431
0 0.065359 0.305147 0.026144 0.046569
0 0.596405 0.671569 0.035948 0.073529
0 0.455882 0.552696 0.045752 0.095588
0 0.203431 0.843137 0.057190 0.063725
0 0.508170 0.196078 0.026144 0.049020
0 0.529412 0.268382 0.022876 0.041667
0 0.629085 0.267157 0.029412 0.053922
0 0.588235 0.399510 0.032680 0.063725
0 0.181373 0.437500 0.039216 0.066176
0 0.187092 0.531863 0.044118 0.053922
0 0.152778 0.595588 0.047386 0.068627
0 0.700980 0.415441 0.032680 0.041667
0 0.687092 0.531863 0.037582 0.068627
0 0.827614 0.602941 0.034314 0.058824
1 0.662582 0.626225 0.031046 0.051471
0 0.933007 0.294118 0.022876 0.058824
0 0.451797 0.183824 0.031046 0.034314
0 0.536765 0.080882 0.021242 0.029412
0 0.222222 0.133578 0.022876 0.036765
0 0.117647 0.136029 0.022876 0.041667
0 0.584967 0.192402 0.022876 0.031863
0 0.898693 0.471814 0.029412 0.051471
0 0.867647 0.841912 0.039216 0.071078
0 0.676471 0.276961 0.026144 0.044118
0 0.124183 0.328431 0.039216 0.053922
0 0.114379 0.466912 0.035948 0.056373
0 0.602124 0.031863 0.014706 0.019608
0 0.274510 0.093137 0.026144 0.029412
0 0.312092 0.212010 0.026144 0.046569
0 0.018791 0.136029 0.024510 0.046569
0 0.013072 0.317402 0.022876 0.046569
0 0.387255 0.189951 0.029412 0.046569
0 0.548203 0.218137 0.024510 0.039216
0 0.638072 0.191176 0.017974 0.039216
0 0.779412 0.457108 0.032680 0.056373
0 0.186275 0.381127 0.026144 0.046569
0 0.262255 0.236520 0.021242 0.036765
0 0.355392 0.166667 0.024510 0.029412
0 0.387255 0.099265 0.026144 0.031863
0 0.872549 0.339461 0.022876 0.036765
0 0.626634 0.475490 0.031046 0.034314
