0 0.180556 0.506127 0.089869 0.129902
0 0.620915 0.555147 0.091503 0.174020
0 0.348856 0.775735 0.116013 0.188725
0 0.032680 0.611520 0.062092 0.154412
0 0.038399 0.414216 0.060458 0.098039
0 0.202614 0.362745 0.045752 0.078431
0 0.301471 0.383578 0.044118 0.075980
0 0.833333 0.600490 0.049020 0.176471
0 0.949346 0.533088 0.084967 0.159314
0 0.694444 0.507353 0.058824 0.137255
0 0.705065 0.414216 0.050654 0.107843
1 0.272059 0.420343 0.053922 0.090686
1 0.383170 0.476716 0.073529 0.125000
0 0.114379 0.327206 0.032680 0.041667
0 0.461601 0.388480 0.031046 0.075980
