1 0.03625 0.22846441947565543 0.0425 0.0749063670411985
0 0.09625 0.2808988764044944 0.0675 0.1348314606741573
0 0.1575 0.2752808988764045 0.03 0.04119850187265918
0 0.3025 0.23220973782771537 0.055 0.09737827715355805
0 0.35000000000000003 0.26779026217228463 0.035 0.07116104868913858
0 0.53125 0.2902621722846442 0.0375 0.07116104868913858
1 0.58125 0.24344569288389514 0.0375 0.0749063670411985
0 0.62625 0.3146067415730337 0.0425 0.0749063670411985
0 0.79125 0.3408239700374532 0.0525 0.0898876404494382
1 0.39875 0.35580524344569286 0.0275 0.03745318352059925
0 0.9450000000000001 0.22846441947565543 0.02 0.0299625468164794
0 0.705 0.23595505617977527 0.025 0.0449438202247191