0 0.043750000000000004 0.5900000000000001 0.0725 0.10666666666666667
0 0.0825 0.42833333333333334 0.035 0.05666666666666667
0 0.11625 0.39333333333333337 0.0225 0.04
0 0.195 0.42833333333333334 0.035 0.043333333333333335
0 0.2325 0.3616666666666667 0.025 0.043333333333333335
0 0.17 0.34833333333333333 0.02 0.030000000000000002
0 0.28500000000000003 0.53 0.105 0.16666666666666669
0 0.40125 0.38833333333333336 0.0225 0.030000000000000002
0 0.28750000000000003 0.35333333333333333 0.02 0.02666666666666667
0 0.44125000000000003 0.45333333333333337 0.0375 0.05333333333333334
0 0.54125 0.44333333333333336 0.0575 0.08666666666666667
0 0.49 0.3916666666666667 0.015 0.030000000000000002
0 0.44625000000000004 0.38333333333333336 0.0175 0.02
0 0.5825 0.35333333333333333 0.025 0.03333333333333333
0 0.7000000000000001 0.39333333333333337 0.025 0.02666666666666667
0 0.74625 0.44333333333333336 0.0225 0.03333333333333333
0 0.82375 0.4466666666666667 0.0475 0.06666666666666667
0 0.89 0.4 0.02 0.03333333333333333
0 0.9875 0.465 0.02 0.06333333333333334
0 0.66 0.36833333333333335 0.01 0.016666666666666666
0 0.7000000000000001 0.3433333333333334 0.015 0.02
0 0.72875 0.3616666666666667 0.0125 0.016666666666666666
0 0.775 0.4 0.02 0.03333333333333333
0 0.96 0.39 0.02 0.03333333333333333
0 0.9825 0.37000000000000005 0.01 0.02