0 0.2525 0.20404411764705882 0.05 0.07720588235294118
0 0.39 0.23713235294117646 0.03 0.04779411764705882
1 0.42875 0.21691176470588236 0.0325 0.051470588235294115
1 0.45125 0.29411764705882354 0.0325 0.03676470588235294
1 0.49875 0.23713235294117646 0.0325 0.0625
0 0.6062500000000001 0.2113970588235294 0.0225 0.04044117647058824
0 0.64125 0.2922794117647059 0.0325 0.0625
0 0.745 0.2867647058823529 0.035 0.07352941176470588
1 0.82375 0.24080882352941177 0.0475 0.07720588235294118
0 0.91 0.2849264705882353 0.05 0.08455882352941177
1 0.33625 0.2922794117647059 0.0275 0.03308823529411765