0 0.27625 0.2453183520599251 0.0275 0.04119850187265918
1 0.35875 0.27153558052434457 0.0375 0.04868913857677903
0 0.48625 0.2340823970037453 0.0375 0.06367041198501873
0 0.61375 0.29213483146067415 0.0475 0.06741573033707865
0 0.7175 0.3258426966292135 0.045 0.06741573033707865
0 0.83625 0.29775280898876405 0.0625 0.08614232209737828
0 0.9775 0.28464419475655434 0.04 0.11235955056179775
0 0.22125 0.2808988764044944 0.0225 0.03745318352059925
0 0.19375 0.2565543071161049 0.0225 0.04119850187265918
0 0.155 0.25842696629213485 0.02 0.03745318352059925
0 0.12 0.2546816479400749 0.025 0.0299625468164794